version https://git-lfs.github.com/spec/v1
oid sha256:4d76c4c622581b1e514e2e263af4c830fe702603dd2a6bc81893e5a7f9a4abee
size 222422
